(base) [] G2PFinal % uv run python eval.py
['syl', 'son', 'cons', 'cont', 'delrel', 'lat', 'nas', 'strid', 'voi', 'sg', 'cg', 'ant', 'cor', 'distr', 'lab', 'hi', 'lo', 'back', 'round', 'velaric', 'tense', 'long', 'hitone', 'hireg']
'p': [-1, -1, 1, -1, -1, -1, -1, -1, -1, -1, -1, 1, -1, 0, 1, -1, -1, -1, -1, -1, 0, -1, 0, 0],
't̪': [-1, -1, 1, -1, -1, -1, -1, -1, -1, -1, -1, 1, 1, 1, -1, -1, -1, -1, -1, -1, 0, -1, 0, 0],
't': [-1, -1, 1, -1, -1, -1, -1, -1, -1, -1, -1, 1, 1, -1, -1, -1, -1, -1, -1, -1, 0, -1, 0, 0],
'ʈ': [-1, -1, 1, -1, -1, -1, -1, -1, -1, -1, -1, -1, 1, -1, -1, -1, -1, -1, -1, -1, 0, -1, 0, 0],
't͡ɕ': [-1, -1, 1, -1, 1, -1, -1, 1, -1, -1, -1, -1, 1, 1, -1, 1, -1, -1, -1, -1, 0, -1, 0, 0],
'd͡ʑ': [-1, -1, 1, -1, 1, -1, -1, 1, 1, -1, -1, -1, 1, 1, -1, 1, -1, -1, -1, -1, 0, -1, 0, 0],
'k': [-1, -1, 1, -1, -1, -1, -1, -1, -1, -1, -1, -1, -1, 0, -1, 1, -1, 1, -1, -1, 0, -1, 0, 0],
'b': [-1, -1, 1, -1, -1, -1, -1, -1, 1, -1, -1, 1, -1, 0, 1, -1, -1, -1, -1, -1, 0, -1, 0, 0],
'd̪': [-1, -1, 1, -1, -1, -1, -1, -1, 1, -1, -1, 1, 1, 1, -1, -1, -1, -1, -1, -1, 0, -1, 0, 0],
'd': [-1, -1, 1, -1, -1, -1, -1, -1, 1, -1, -1, 1, 1, -1, -1, -1, -1, -1, -1, -1, 0, -1, 0, 0],
'ɖ': [-1, -1, 1, -1, -1, -1, -1, -1, 1, -1, -1, -1, 1, -1, -1, -1, -1, -1, -1, -1, 0, -1, 0, 0],
'ɡ': [-1, -1, 1, -1, -1, -1, -1, -1, 1, -1, -1, -1, -1, 0, -1, 1, -1, 1, -1, -1, 0, -1, 0, 0],
'pʰ': [-1, -1, 1, -1, -1, -1, -1, -1, -1, 1, -1, 1, -1, 0, 1, -1, -1, -1, -1, -1, 0, -1, 0, 0],
't̪ʰ': [-1, -1, 1, -1, -1, -1, -1, -1, -1, 1, -1, 1, 1, 1, -1, -1, -1, -1, -1, -1, 0, -1, 0, 0],
'tʰ': [-1, -1, 1, -1, -1, -1, -1, -1, -1, 1, -1, 1, 1, -1, -1, -1, -1, -1, -1, -1, 0, -1, 0, 0],
'ʈʰ': [-1, -1, 1, -1, -1, -1, -1, -1, -1, 1, -1, -1, 1, -1, -1, -1, -1, -1, -1, -1, 0, -1, 0, 0],
'kʰ': [-1, -1, 1, -1, -1, -1, -1, -1, -1, 1, -1, -1, -1, 0, -1, 1, -1, 1, -1, -1, 0, -1, 0, 0],
'bʱ': [-1, -1, 1, -1, -1, -1, -1, -1, 1, -1, -1, 1, -1, 0, 1, -1, -1, -1, -1, -1, 0, -1, 0, 0],
'd̪ʱ': [-1, -1, 1, -1, -1, -1, -1, -1, 1, -1, -1, 1, 1, 1, -1, -1, -1, -1, -1, -1, 0, -1, 0, 0],
'dʱ': [-1, -1, 1, -1, -1, -1, -1, -1, 1, -1, -1, 1, 1, -1, -1, -1, -1, -1, -1, -1, 0, -1, 0, 0],
'ɖʱ': [-1, -1, 1, -1, -1, -1, -1, -1, 1, -1, -1, -1, 1, -1, -1, -1, -1, -1, -1, -1, 0, -1, 0, 0],
'ɡʱ': [-1, -1, 1, -1, -1, -1, -1, -1, 1, -1, -1, -1, -1, 0, -1, 1, -1, 1, -1, -1, 0, -1, 0, 0],
'm': [-1, 1, 1, -1, -1, -1, 1, -1, 1, -1, -1, 1, -1, 0, 1, -1, -1, -1, -1, -1, 0, -1, 0, 0],
'n̪': [-1, 1, 1, -1, -1, -1, 1, -1, 1, -1, -1, 1, 1, 1, -1, -1, -1, -1, -1, -1, 0, -1, 0, 0],
'n': [-1, 1, 1, -1, -1, -1, 1, -1, 1, -1, -1, 1, 1, -1, -1, -1, -1, -1, -1, -1, 0, -1, 0, 0],
'ɳ': [-1, 1, 1, -1, -1, -1, 1, -1, 1, -1, -1, -1, 1, 0, -1, -1, -1, -1, -1, -1, 0, -1, 0, 0],
'ɲ': [-1, 1, 1, -1, -1, -1, 1, -1, 1, -1, -1, -1, -1, 0, -1, 1, -1, -1, -1, -1, 0, -1, 0, 0],
'ŋ': [-1, 1, 1, -1, -1, -1, 1, -1, 1, -1, -1, -1, -1, 0, -1, 1, -1, 1, -1, -1, 0, -1, 0, 0],
's̪': [-1, -1, 1, 1, -1, -1, -1, 1, -1, -1, -1, 1, 1, 1, -1, -1, -1, -1, -1, -1, 0, -1, 0, 0],
's': [-1, -1, 1, 1, -1, -1, -1, 1, -1, -1, -1, 1, 1, -1, -1, -1, -1, -1, -1, -1, 0, -1, 0, 0],
'ʂ': [-1, -1, 1, 1, -1, -1, -1, 1, -1, -1, -1, -1, 1, -1, -1, -1, -1, -1, -1, -1, 0, -1, 0, 0],
'ɕ': [-1, -1, 1, 1, 1, -1, -1, 1, -1, -1, -1, -1, 1, 1, -1, 1, -1, -1, -1, -1, 0, -1, 0, 0],
'ɦ': [-1, 1, 1, 1, -1, -1, -1, -1, 1, -1, -1, -1, -1, 0, -1, -1, -1, 1, -1, -1, 0, -1, 0, 0],
'h': [-1, 1, 1, 1, -1, -1, -1, -1, -1, -1, -1, -1, -1, 0, -1, -1, -1, 1, -1, -1, 0, -1, 0, 0],
'ʋ': [-1, 1, -1, 1, 0, -1, -1, -1, 1, -1, -1, 1, -1, 0, 1, 0, 0, -1, -1, -1, 0, -1, 0, 0],
'ɾ': [-1, 1, 1, 1, 0, -1, -1, -1, 1, -1, -1, 1, 1, -1, -1, 0, 0, -1, -1, -1, 0, -1, 0, 0],
'l̪': [-1, 1, 1, 1, -1, 1, -1, -1, 1, -1, -1, 1, 1, 1, -1, -1, -1, -1, -1, -1, 0, -1, 0, 0],
'l': [-1, 1, 1, 1, -1, 1, -1, -1, 1, -1, -1, 1, 1, -1, -1, -1, -1, -1, -1, -1, 0, -1, 0, 0],
'j': [-1, 1, -1, 1, -1, -1, -1, -1, 1, -1, -1, -1, -1, 0, -1, 1, -1, -1, -1, -1, 0, -1, 0, 0],
'ɐ': [1, 1, -1, 1, -1, -1, -1, -1, 1, -1, -1, 0, -1, 0, -1, -1, -1, -1, -1, -1, 1, -1, 0, 0],
'ɑː': [1, 1, -1, 1, 0, -1, -1, -1, 1, -1, -1, 0, -1, 0, -1, -1, 1, 1, -1, -1, 1, 1, 0, 0],
'i': [1, 1, -1, 1, -1, -1, -1, -1, 1, -1, -1, 0, -1, 0, -1, 1, -1, -1, -1, -1, 1, -1, 0, 0],
'iː': [1, 1, -1, 1, -1, -1, -1, -1, 1, -1, -1, 0, -1, 0, -1, 1, -1, -1, -1, -1, 1, 1, 0, 0],
'u': [1, 1, -1, 1, -1, -1, -1, -1, 1, -1, -1, 0, -1, 0, 1, 1, -1, 1, 1, -1, 1, -1, 0, 0],
'uː': [1, 1, -1, 1, -1, -1, -1, -1, 1, -1, -1, 0, -1, 0, 1, 1, -1, 1, 1, -1, 1, 1, 0, 0],
'eː': [1, 1, -1, 1, -1, -1, -1, -1, 1, -1, -1, 0, -1, 0, -1, -1, -1, -1, -1, -1, 1, 1, 0, 0],
'oː': [1, 1, -1, 1, -1, -1, -1, -1, 1, -1, -1, 0, -1, 0, -1, -1, -1, 1, 1, -1, 1, 1, 0, 0],
'r̩': [1, 1, 1, 1, 0, -1, -1, -1, 1, -1, -1, 1, 1, -1, -1, 0, 0, -1, -1, -1, 0, -1, 0, 0],
Loaded model from epoch 34
Checkpoint PER: 0.11941938733458492
d_model=256, num_layers=4
Src vocab: 65, Tgt vocab: 57
Evaluating on 1303 examples...
Evaluating: 100%|███████████████████████████████████████████████████████████████████| 1303/1303 [02:28<00:00,  8.76it/s]

============================================================
EVALUATION RESULTS — test.tsv
============================================================
Examples evaluated: 1303
Exact match accuracy:    0.4635 (604/1303)

Edit Distance Metrics
  PER (Levenshtein): 0.1128
  Weighted PER: 0.1043
  Mean Hamming dist: 6.8058
  (Hamming valid pairs:  738/1303)

Length Statistics
  Mean ref length: 16.7
  Mean pred length: 17.1

Top 15 Substitution Errors
      PRED -> REF       COUNT
         ˈ ->           127
         ː -> j         59
         e ->           59
           -> ˈ         43
         ː -> w         40
         o ->           40
         ̪ ->           37
         i -> í         32
         ˈ -> .         28
           -> ɐ         26
         j -> ː         17
           -> e         17
         u -> ú         16
           -> .         12
         . -> ˈ         12

Top 10 Insertion Errors (hallucinated phonemes)
  ̪           604
  ˈ           398
  .           41
  ɐ           17
  ́           16
  ː           7
              6
  ͡           2
  ɾ           2
  s           1

Top 10 Deletion Errors (dropped phonemes)
  ́           202
  .           127
  ̪           98
  ɐ           73
              40
  ˈ           16
  ː           12
  í           3
  ɾ           3
  ɑ           3

Worst 10 Examples by Levenshtein Distance
  SRC                  PRED                      REF                       LEV
  उत्तराधरविवर         u t̪ . t̪ ɐ . ɾ ɑː . d̪ʱ ɐ ˈʋ i . ʋ ɐ u t . t ɐ . ɾ ɑː . dʱ ɐ . ɾ ɐ . ʋ i . ʋ ɐ . ɾ ɐ 17
  झणझणायमान            d͡ʑʱ ɐ . ɳ i . ɳ ɑː ˈj ɐ . m ɑː . n̪ ɐ d͡ʑʱ ɐ . ɳ ɐ . d͡ʑʱ ɐ . ɳ ɑː . j ɐ . m ɑː . n ɐ 13
  उत्तराधरविवर         u t̪ . t̪ ɐ . ɾ ɑː . d̪ʱ ɐ ˈʋ i . ʋ ɐ u t̪ . t̪ ɐ . ɾ ɑː . d̪ʱ ɐ ˈɾ ɐ . ʋ i . ʋ ɐ . ɾ ɐ 12
  उपवसथ                u . p ɐ . ʋ ɐ s           u . p ɐ . ʋ ɐ . s ɐ . tʰ ɐ́ 12
  साध्नोति             s̪ ɑː d̪ʱ ˈn̪ oː . t̪ i   s ɑː dʱ . n ɐ́ w . t i    10
  त्वेषद्युम्न         t̪ ʋ eː . ʂ ɐ d̪ ˈj u m . n̪ ɐ t ʋ ɐ j . ʂ ɐ́ d . j u m . n ɐ 9
  सुऊति                ˈs̪ u . d̪ʱ ɐ . t̪ i      s u . uː . t í            9
  अप्रचेतस्            ɐ p . ɾ ɐ ˈt͡ɕ eː . t̪ ɐ s̪ ɐ́ p . ɾ ɐ . t͡ɕ ɐ j . t ɐ s 8
  हिल्लोल              ɦ i l̪ ˈl̪ oː . l̪ ɐ      ɦ i l . l ɐ w . l ɐ       8
  स्रोतस्              ˈs̪ ɾ oː . t̪ ɐ s̪        s ɾ ɐ́ w . t ɐ s          8
============================================================
Results saved to eval_results.json
(base) [] G2PFinal % uv run python evalnep.py --test nep_test.tsv
Downloading data...
['syl', 'son', 'cons', 'cont', 'delrel', 'lat', 'nas', 'strid', 'voi', 'sg', 'cg', 'ant', 'cor', 'distr', 'lab', 'hi', 'lo', 'back', 'round', 'velaric', 'tense', 'long', 'hitone', 'hireg']
'p': [-1, -1, 1, -1, -1, -1, -1, -1, -1, -1, -1, 1, -1, 0, 1, -1, -1, -1, -1, -1, 0, -1, 0, 0],
't̪': [-1, -1, 1, -1, -1, -1, -1, -1, -1, -1, -1, 1, 1, 1, -1, -1, -1, -1, -1, -1, 0, -1, 0, 0],
't': [-1, -1, 1, -1, -1, -1, -1, -1, -1, -1, -1, 1, 1, -1, -1, -1, -1, -1, -1, -1, 0, -1, 0, 0],
'ʈ': [-1, -1, 1, -1, -1, -1, -1, -1, -1, -1, -1, -1, 1, -1, -1, -1, -1, -1, -1, -1, 0, -1, 0, 0],
't͡ɕ': [-1, -1, 1, -1, 1, -1, -1, 1, -1, -1, -1, -1, 1, 1, -1, 1, -1, -1, -1, -1, 0, -1, 0, 0],
'd͡ʑ': [-1, -1, 1, -1, 1, -1, -1, 1, 1, -1, -1, -1, 1, 1, -1, 1, -1, -1, -1, -1, 0, -1, 0, 0],
'k': [-1, -1, 1, -1, -1, -1, -1, -1, -1, -1, -1, -1, -1, 0, -1, 1, -1, 1, -1, -1, 0, -1, 0, 0],
'b': [-1, -1, 1, -1, -1, -1, -1, -1, 1, -1, -1, 1, -1, 0, 1, -1, -1, -1, -1, -1, 0, -1, 0, 0],
'd̪': [-1, -1, 1, -1, -1, -1, -1, -1, 1, -1, -1, 1, 1, 1, -1, -1, -1, -1, -1, -1, 0, -1, 0, 0],
'd': [-1, -1, 1, -1, -1, -1, -1, -1, 1, -1, -1, 1, 1, -1, -1, -1, -1, -1, -1, -1, 0, -1, 0, 0],
'ɖ': [-1, -1, 1, -1, -1, -1, -1, -1, 1, -1, -1, -1, 1, -1, -1, -1, -1, -1, -1, -1, 0, -1, 0, 0],
'ɡ': [-1, -1, 1, -1, -1, -1, -1, -1, 1, -1, -1, -1, -1, 0, -1, 1, -1, 1, -1, -1, 0, -1, 0, 0],
'pʰ': [-1, -1, 1, -1, -1, -1, -1, -1, -1, 1, -1, 1, -1, 0, 1, -1, -1, -1, -1, -1, 0, -1, 0, 0],
't̪ʰ': [-1, -1, 1, -1, -1, -1, -1, -1, -1, 1, -1, 1, 1, 1, -1, -1, -1, -1, -1, -1, 0, -1, 0, 0],
'tʰ': [-1, -1, 1, -1, -1, -1, -1, -1, -1, 1, -1, 1, 1, -1, -1, -1, -1, -1, -1, -1, 0, -1, 0, 0],
'ʈʰ': [-1, -1, 1, -1, -1, -1, -1, -1, -1, 1, -1, -1, 1, -1, -1, -1, -1, -1, -1, -1, 0, -1, 0, 0],
'kʰ': [-1, -1, 1, -1, -1, -1, -1, -1, -1, 1, -1, -1, -1, 0, -1, 1, -1, 1, -1, -1, 0, -1, 0, 0],
'bʱ': [-1, -1, 1, -1, -1, -1, -1, -1, 1, -1, -1, 1, -1, 0, 1, -1, -1, -1, -1, -1, 0, -1, 0, 0],
'd̪ʱ': [-1, -1, 1, -1, -1, -1, -1, -1, 1, -1, -1, 1, 1, 1, -1, -1, -1, -1, -1, -1, 0, -1, 0, 0],
'dʱ': [-1, -1, 1, -1, -1, -1, -1, -1, 1, -1, -1, 1, 1, -1, -1, -1, -1, -1, -1, -1, 0, -1, 0, 0],
'ɖʱ': [-1, -1, 1, -1, -1, -1, -1, -1, 1, -1, -1, -1, 1, -1, -1, -1, -1, -1, -1, -1, 0, -1, 0, 0],
'ɡʱ': [-1, -1, 1, -1, -1, -1, -1, -1, 1, -1, -1, -1, -1, 0, -1, 1, -1, 1, -1, -1, 0, -1, 0, 0],
'm': [-1, 1, 1, -1, -1, -1, 1, -1, 1, -1, -1, 1, -1, 0, 1, -1, -1, -1, -1, -1, 0, -1, 0, 0],
'n̪': [-1, 1, 1, -1, -1, -1, 1, -1, 1, -1, -1, 1, 1, 1, -1, -1, -1, -1, -1, -1, 0, -1, 0, 0],
'n': [-1, 1, 1, -1, -1, -1, 1, -1, 1, -1, -1, 1, 1, -1, -1, -1, -1, -1, -1, -1, 0, -1, 0, 0],
'ɳ': [-1, 1, 1, -1, -1, -1, 1, -1, 1, -1, -1, -1, 1, 0, -1, -1, -1, -1, -1, -1, 0, -1, 0, 0],
'ɲ': [-1, 1, 1, -1, -1, -1, 1, -1, 1, -1, -1, -1, -1, 0, -1, 1, -1, -1, -1, -1, 0, -1, 0, 0],
'ŋ': [-1, 1, 1, -1, -1, -1, 1, -1, 1, -1, -1, -1, -1, 0, -1, 1, -1, 1, -1, -1, 0, -1, 0, 0],
's̪': [-1, -1, 1, 1, -1, -1, -1, 1, -1, -1, -1, 1, 1, 1, -1, -1, -1, -1, -1, -1, 0, -1, 0, 0],
's': [-1, -1, 1, 1, -1, -1, -1, 1, -1, -1, -1, 1, 1, -1, -1, -1, -1, -1, -1, -1, 0, -1, 0, 0],
'ʂ': [-1, -1, 1, 1, -1, -1, -1, 1, -1, -1, -1, -1, 1, -1, -1, -1, -1, -1, -1, -1, 0, -1, 0, 0],
'ɕ': [-1, -1, 1, 1, 1, -1, -1, 1, -1, -1, -1, -1, 1, 1, -1, 1, -1, -1, -1, -1, 0, -1, 0, 0],
'ɦ': [-1, 1, 1, 1, -1, -1, -1, -1, 1, -1, -1, -1, -1, 0, -1, -1, -1, 1, -1, -1, 0, -1, 0, 0],
'h': [-1, 1, 1, 1, -1, -1, -1, -1, -1, -1, -1, -1, -1, 0, -1, -1, -1, 1, -1, -1, 0, -1, 0, 0],
'ʋ': [-1, 1, -1, 1, 0, -1, -1, -1, 1, -1, -1, 1, -1, 0, 1, 0, 0, -1, -1, -1, 0, -1, 0, 0],
'ɾ': [-1, 1, 1, 1, 0, -1, -1, -1, 1, -1, -1, 1, 1, -1, -1, 0, 0, -1, -1, -1, 0, -1, 0, 0],
'l̪': [-1, 1, 1, 1, -1, 1, -1, -1, 1, -1, -1, 1, 1, 1, -1, -1, -1, -1, -1, -1, 0, -1, 0, 0],
'l': [-1, 1, 1, 1, -1, 1, -1, -1, 1, -1, -1, 1, 1, -1, -1, -1, -1, -1, -1, -1, 0, -1, 0, 0],
'j': [-1, 1, -1, 1, -1, -1, -1, -1, 1, -1, -1, -1, -1, 0, -1, 1, -1, -1, -1, -1, 0, -1, 0, 0],
'ɐ': [1, 1, -1, 1, -1, -1, -1, -1, 1, -1, -1, 0, -1, 0, -1, -1, -1, -1, -1, -1, 1, -1, 0, 0],
'ɑː': [1, 1, -1, 1, 0, -1, -1, -1, 1, -1, -1, 0, -1, 0, -1, -1, 1, 1, -1, -1, 1, 1, 0, 0],
'i': [1, 1, -1, 1, -1, -1, -1, -1, 1, -1, -1, 0, -1, 0, -1, 1, -1, -1, -1, -1, 1, -1, 0, 0],
'iː': [1, 1, -1, 1, -1, -1, -1, -1, 1, -1, -1, 0, -1, 0, -1, 1, -1, -1, -1, -1, 1, 1, 0, 0],
'u': [1, 1, -1, 1, -1, -1, -1, -1, 1, -1, -1, 0, -1, 0, 1, 1, -1, 1, 1, -1, 1, -1, 0, 0],
'uː': [1, 1, -1, 1, -1, -1, -1, -1, 1, -1, -1, 0, -1, 0, 1, 1, -1, 1, 1, -1, 1, 1, 0, 0],
'eː': [1, 1, -1, 1, -1, -1, -1, -1, 1, -1, -1, 0, -1, 0, -1, -1, -1, -1, -1, -1, 1, 1, 0, 0],
'oː': [1, 1, -1, 1, -1, -1, -1, -1, 1, -1, -1, 0, -1, 0, -1, -1, -1, 1, 1, -1, 1, 1, 0, 0],
'r̩': [1, 1, 1, 1, 0, -1, -1, -1, 1, -1, -1, 1, 1, -1, -1, 0, 0, -1, -1, -1, 0, -1, 0, 0],
Loaded model from epoch 34
Checkpoint PER: 0.11941938733458492
d_model=256, num_layers=4
Src vocab: 65, Tgt vocab: 57
Evaluating on 1882 examples...
Evaluating: 100%|███████████████████████████████████████████████████████████████████| 1882/1882 [03:36<00:00,  8.68it/s]

============================================================
EVALUATION RESULTS — nep_test.tsv
============================================================
Examples evaluated: 1882
Exact match accuracy:    0.0021 (4/1882)

Edit Distance Metrics
  PER (Levenshtein): 0.9860
  Weighted PER: 0.9058
  Mean Hamming dist: 14.7434
  (Hamming valid pairs:  16/1882)

Length Statistics
  Mean ref length: 9.1
  Mean pred length: 16.9

Top 15 Substitution Errors
      PRED -> REF       COUNT
         ɕ -> s         146
         ɐ -> r         127
         ɾ -> r         121
         . -> i         80
         . -> r         79
         . -> u         70
         . -> e         57
         . -> s         50
         ɐ -> ̃         48
         ɐ -> s         48
         ɐ -> e         41
         ɐ -> i         36
         ̪ -> ː         33
         ʋ -> b         32
           -> t         31

Top 10 Insertion Errors (hallucinated phonemes)
              3819
  .           2158
  ɐ           1744
  ː           1700
  ˈ           1598
  ̪           1142
  ɑ           1039
  ɾ           349
  ʑ           146
  j           115

Top 10 Deletion Errors (dropped phonemes)
  t           10
  ̪           6
              5
  ɾ           4
  ɦ           2
  ũ           1
  ʈ           1
  k           1
  ̃           1
  ɽ           1

Worst 10 Examples by Levenshtein Distance
  SRC                  PRED                      REF                       LEV
  पुरातत्त्वशास्त्र    p ɾ i . t̪ ɐ t̪ . t̪ ʋ ɐ . ɳ ɑː ˈɕ ɑː s̪ . ɾ ɑː p u ɾ  t̪  t̪ t̪ o s  s t̪ r  25
  हवाईजहाज             ɦ ɐ . ʋ ɑː . ɾ ɐ . d͡ʑ ɐ ˈɦ ɑː . d͡ʑ ɐ ɦ  w  i d  ː d            25
  बनाउनुहोला           b ɐ . n̪ ɑː . ʋ ɐ . n̪ u ˈɦ oː . l̪ ɑː b  n  u n u o l           23
  वहाँलाई              ʋ ɐ . ɦ ɑː . l ɐ . l ɑː . k ɐ w ̃ː l  i                 23
  यहाँलाई              j ɐ . ɦ ɑː . l ɐ . l ɑː . k ɐ j ̃ː l  i                 22
  तपाईंलाई             t̪ ɐ . p ɑː . ɾ ɐ ŋ ˈl̪ ɑː . ɾ ɐ t̪  p ̃ ĩ l  i            21
  पैँचालीस             p ɑ j . j ɐ . t͡ɕ ɑː ˈl̪ iː . s̪ ɐ p ̃ ĩ t͡s  l i s          21
  मोटरसाइकल            m ɐ w . ʈ ɐ . ɾ ɐ . s ɑː . k ɐ . l ɐ m o ʈ  r s  i k  l        21
  सन्सरबार्            ˈs̪ ɐ n̪ . s̪ ɐ . ɾ ɐ . t̪ ɑː ɾ s  n i t͡s  r b  r        20
  सन्सरबार्            ˈs̪ ɐ n̪ . s̪ ɐ . ɾ ɐ . t̪ ɑː ɾ s  n s  r b  r            20
============================================================
Results saved to eval_results_nep.json
[]
(base) [] G2PFinalHindi % uv run python eval.py
['syl', 'son', 'cons', 'cont', 'delrel', 'lat', 'nas', 'strid', 'voi', 'sg', 'cg', 'ant', 'cor', 'distr', 'lab', 'hi', 'lo', 'back', 'round', 'velaric', 'tense', 'long', 'hitone', 'hireg']
'p': [-1, -1, 1, -1, -1, -1, -1, -1, -1, -1, -1, 1, -1, 0, 1, -1, -1, -1, -1, -1, 0, -1, 0, 0],
't̪': [-1, -1, 1, -1, -1, -1, -1, -1, -1, -1, -1, 1, 1, 1, -1, -1, -1, -1, -1, -1, 0, -1, 0, 0],
't': [-1, -1, 1, -1, -1, -1, -1, -1, -1, -1, -1, 1, 1, -1, -1, -1, -1, -1, -1, -1, 0, -1, 0, 0],
'ʈ': [-1, -1, 1, -1, -1, -1, -1, -1, -1, -1, -1, -1, 1, -1, -1, -1, -1, -1, -1, -1, 0, -1, 0, 0],
't͡ɕ': [-1, -1, 1, -1, 1, -1, -1, 1, -1, -1, -1, -1, 1, 1, -1, 1, -1, -1, -1, -1, 0, -1, 0, 0],
'd͡ʑ': [-1, -1, 1, -1, 1, -1, -1, 1, 1, -1, -1, -1, 1, 1, -1, 1, -1, -1, -1, -1, 0, -1, 0, 0],
'k': [-1, -1, 1, -1, -1, -1, -1, -1, -1, -1, -1, -1, -1, 0, -1, 1, -1, 1, -1, -1, 0, -1, 0, 0],
'b': [-1, -1, 1, -1, -1, -1, -1, -1, 1, -1, -1, 1, -1, 0, 1, -1, -1, -1, -1, -1, 0, -1, 0, 0],
'd̪': [-1, -1, 1, -1, -1, -1, -1, -1, 1, -1, -1, 1, 1, 1, -1, -1, -1, -1, -1, -1, 0, -1, 0, 0],
'd': [-1, -1, 1, -1, -1, -1, -1, -1, 1, -1, -1, 1, 1, -1, -1, -1, -1, -1, -1, -1, 0, -1, 0, 0],
'ɖ': [-1, -1, 1, -1, -1, -1, -1, -1, 1, -1, -1, -1, 1, -1, -1, -1, -1, -1, -1, -1, 0, -1, 0, 0],
'ɡ': [-1, -1, 1, -1, -1, -1, -1, -1, 1, -1, -1, -1, -1, 0, -1, 1, -1, 1, -1, -1, 0, -1, 0, 0],
'pʰ': [-1, -1, 1, -1, -1, -1, -1, -1, -1, 1, -1, 1, -1, 0, 1, -1, -1, -1, -1, -1, 0, -1, 0, 0],
't̪ʰ': [-1, -1, 1, -1, -1, -1, -1, -1, -1, 1, -1, 1, 1, 1, -1, -1, -1, -1, -1, -1, 0, -1, 0, 0],
'tʰ': [-1, -1, 1, -1, -1, -1, -1, -1, -1, 1, -1, 1, 1, -1, -1, -1, -1, -1, -1, -1, 0, -1, 0, 0],
'ʈʰ': [-1, -1, 1, -1, -1, -1, -1, -1, -1, 1, -1, -1, 1, -1, -1, -1, -1, -1, -1, -1, 0, -1, 0, 0],
'kʰ': [-1, -1, 1, -1, -1, -1, -1, -1, -1, 1, -1, -1, -1, 0, -1, 1, -1, 1, -1, -1, 0, -1, 0, 0],
'bʱ': [-1, -1, 1, -1, -1, -1, -1, -1, 1, -1, -1, 1, -1, 0, 1, -1, -1, -1, -1, -1, 0, -1, 0, 0],
'd̪ʱ': [-1, -1, 1, -1, -1, -1, -1, -1, 1, -1, -1, 1, 1, 1, -1, -1, -1, -1, -1, -1, 0, -1, 0, 0],
'dʱ': [-1, -1, 1, -1, -1, -1, -1, -1, 1, -1, -1, 1, 1, -1, -1, -1, -1, -1, -1, -1, 0, -1, 0, 0],
'ɖʱ': [-1, -1, 1, -1, -1, -1, -1, -1, 1, -1, -1, -1, 1, -1, -1, -1, -1, -1, -1, -1, 0, -1, 0, 0],
'ɡʱ': [-1, -1, 1, -1, -1, -1, -1, -1, 1, -1, -1, -1, -1, 0, -1, 1, -1, 1, -1, -1, 0, -1, 0, 0],
'm': [-1, 1, 1, -1, -1, -1, 1, -1, 1, -1, -1, 1, -1, 0, 1, -1, -1, -1, -1, -1, 0, -1, 0, 0],
'n̪': [-1, 1, 1, -1, -1, -1, 1, -1, 1, -1, -1, 1, 1, 1, -1, -1, -1, -1, -1, -1, 0, -1, 0, 0],
'n': [-1, 1, 1, -1, -1, -1, 1, -1, 1, -1, -1, 1, 1, -1, -1, -1, -1, -1, -1, -1, 0, -1, 0, 0],
'ɳ': [-1, 1, 1, -1, -1, -1, 1, -1, 1, -1, -1, -1, 1, 0, -1, -1, -1, -1, -1, -1, 0, -1, 0, 0],
'ɲ': [-1, 1, 1, -1, -1, -1, 1, -1, 1, -1, -1, -1, -1, 0, -1, 1, -1, -1, -1, -1, 0, -1, 0, 0],
'ŋ': [-1, 1, 1, -1, -1, -1, 1, -1, 1, -1, -1, -1, -1, 0, -1, 1, -1, 1, -1, -1, 0, -1, 0, 0],
's̪': [-1, -1, 1, 1, -1, -1, -1, 1, -1, -1, -1, 1, 1, 1, -1, -1, -1, -1, -1, -1, 0, -1, 0, 0],
's': [-1, -1, 1, 1, -1, -1, -1, 1, -1, -1, -1, 1, 1, -1, -1, -1, -1, -1, -1, -1, 0, -1, 0, 0],
'ʂ': [-1, -1, 1, 1, -1, -1, -1, 1, -1, -1, -1, -1, 1, -1, -1, -1, -1, -1, -1, -1, 0, -1, 0, 0],
'ɕ': [-1, -1, 1, 1, 1, -1, -1, 1, -1, -1, -1, -1, 1, 1, -1, 1, -1, -1, -1, -1, 0, -1, 0, 0],
'ɦ': [-1, 1, 1, 1, -1, -1, -1, -1, 1, -1, -1, -1, -1, 0, -1, -1, -1, 1, -1, -1, 0, -1, 0, 0],
'h': [-1, 1, 1, 1, -1, -1, -1, -1, -1, -1, -1, -1, -1, 0, -1, -1, -1, 1, -1, -1, 0, -1, 0, 0],
'ʋ': [-1, 1, -1, 1, 0, -1, -1, -1, 1, -1, -1, 1, -1, 0, 1, 0, 0, -1, -1, -1, 0, -1, 0, 0],
'ɾ': [-1, 1, 1, 1, 0, -1, -1, -1, 1, -1, -1, 1, 1, -1, -1, 0, 0, -1, -1, -1, 0, -1, 0, 0],
'l̪': [-1, 1, 1, 1, -1, 1, -1, -1, 1, -1, -1, 1, 1, 1, -1, -1, -1, -1, -1, -1, 0, -1, 0, 0],
'l': [-1, 1, 1, 1, -1, 1, -1, -1, 1, -1, -1, 1, 1, -1, -1, -1, -1, -1, -1, -1, 0, -1, 0, 0],
'j': [-1, 1, -1, 1, -1, -1, -1, -1, 1, -1, -1, -1, -1, 0, -1, 1, -1, -1, -1, -1, 0, -1, 0, 0],
'ɐ': [1, 1, -1, 1, -1, -1, -1, -1, 1, -1, -1, 0, -1, 0, -1, -1, -1, -1, -1, -1, 1, -1, 0, 0],
'ɑː': [1, 1, -1, 1, 0, -1, -1, -1, 1, -1, -1, 0, -1, 0, -1, -1, 1, 1, -1, -1, 1, 1, 0, 0],
'i': [1, 1, -1, 1, -1, -1, -1, -1, 1, -1, -1, 0, -1, 0, -1, 1, -1, -1, -1, -1, 1, -1, 0, 0],
'iː': [1, 1, -1, 1, -1, -1, -1, -1, 1, -1, -1, 0, -1, 0, -1, 1, -1, -1, -1, -1, 1, 1, 0, 0],
'u': [1, 1, -1, 1, -1, -1, -1, -1, 1, -1, -1, 0, -1, 0, 1, 1, -1, 1, 1, -1, 1, -1, 0, 0],
'uː': [1, 1, -1, 1, -1, -1, -1, -1, 1, -1, -1, 0, -1, 0, 1, 1, -1, 1, 1, -1, 1, 1, 0, 0],
'eː': [1, 1, -1, 1, -1, -1, -1, -1, 1, -1, -1, 0, -1, 0, -1, -1, -1, -1, -1, -1, 1, 1, 0, 0],
'oː': [1, 1, -1, 1, -1, -1, -1, -1, 1, -1, -1, 0, -1, 0, -1, -1, -1, 1, 1, -1, 1, 1, 0, 0],
'r̩': [1, 1, 1, 1, 0, -1, -1, -1, 1, -1, -1, 1, 1, -1, -1, 0, 0, -1, -1, -1, 0, -1, 0, 0],
Loaded model from epoch 29
Checkpoint PER: 0.02415115131201359
d_model=256, num_layers=4
Src vocab: 68, Tgt vocab: 67
Evaluating on 2462 examples...
Evaluating: 100%|███████████████████████████████████████████████████████████████████| 2462/2462 [05:20<00:00,  7.67it/s]

============================================================
EVALUATION RESULTS — test.tsv
============================================================
Examples evaluated: 2462
Exact match accuracy:    0.8672 (2135/2462)

Edit Distance Metrics
  PER (Levenshtein): 0.0219
  Weighted PER: 0.0162
  Mean Hamming dist: 1.2331
  (Hamming valid pairs:  2207/2462)

Length Statistics
  Mean ref length: 17.4
  Mean pred length: 17.5

Top 15 Substitution Errors
      PRED -> REF       COUNT
         ʒ -> z         52
         ʰ -> f         40
         x -> ʰ         24
         k -> q         24
         ʰ -> x         21
         q -> k         16
         z -> ʒ         15
         ə -> .         14
         ɣ -> ɡ         12
         f -> ʰ         11
         ᵊ -> ə         5
         ɡ -> ɣ         4
         ː -> ə         4
         ə -> ᵊ         3
         ̃ ->           3

Top 10 Insertion Errors (hallucinated phonemes)
              75
  ͡           53
  d           53
  .           45
  p           40
  k           23
  ə           19
  ː           5
  ɑ           2
  ᵊ           2

Top 10 Deletion Errors (dropped phonemes)
              92
  ə           42
  .           36
  k           24
  d           18
  ͡           17
  p           11
  ː           3
  ̪           3
  t           3

Worst 10 Examples by Levenshtein Distance
  SRC                  PRED                      REF                       LEV
  अजायबघर              ə . d͡ʒ ɑː j . b ɑː ɾ     ə . d͡ʒ ɑː . j ə b . ɡʱ ə ɾ 9
  ग़ौरतलब              ɣ ɔː . ɾ ə t̪ . lᵊ        ɣ ɔː ɾ . t̪ ə . l ə b     9
  दुःस्वप्न            d̪ ʊ . ɾ ə s . ʋ ə p . nᵊ d̪ ʊ s . ʋ ə p . n ə      8
  दुःस्वप्न            d̪ ʊ . ɾ ə s . ʋ ə p . nᵊ d̪ ʊ ɦ . s ʋ ə p . n ə    8
  सुक़रात              s ʊ . k ə ɾ . ɾ ɑː t̪     s ʊ q . ɾ ɑː t̪           7
  खटखटाना              kʰ ɪ kʰ . ʈ ɑː . n ɑː     kʰ ə ʈ . kʰ ə . ʈ ɑː . n ɑː 7
  भाँजना               bʱ ɑ̃ː d͡ʒ . n ɑː         bʱ ɑː n . d͡ʒ n ɑː        7
  मेहमाननवाज़ी         m eː ɦ . m ɑː . n eː . ʋ ɑː . d͡ʒ iː m eː ɦ . m ɑː n . n ə . ʋ ɑː . z iː 7
  छटपटाना              t͡ʃʰ ɪ p . ʈ ɑː . n ɑː    t͡ʃʰ ə ʈ . p ə . ʈ ɑː . n ɑː 7
  व्युत्क्रम           ʋ j ʊ t̪ . k ɾ ə . ɾ ə m  ʋ j ʊ t̪ . k ɾ ə m        6
============================================================
Results saved to eval_results.json
(base) [] G2PFinalHindi % uv run python evalnep.py
Downloading data...
['syl', 'son', 'cons', 'cont', 'delrel', 'lat', 'nas', 'strid', 'voi', 'sg', 'cg', 'ant', 'cor', 'distr', 'lab', 'hi', 'lo', 'back', 'round', 'velaric', 'tense', 'long', 'hitone', 'hireg']
'p': [-1, -1, 1, -1, -1, -1, -1, -1, -1, -1, -1, 1, -1, 0, 1, -1, -1, -1, -1, -1, 0, -1, 0, 0],
't̪': [-1, -1, 1, -1, -1, -1, -1, -1, -1, -1, -1, 1, 1, 1, -1, -1, -1, -1, -1, -1, 0, -1, 0, 0],
't': [-1, -1, 1, -1, -1, -1, -1, -1, -1, -1, -1, 1, 1, -1, -1, -1, -1, -1, -1, -1, 0, -1, 0, 0],
'ʈ': [-1, -1, 1, -1, -1, -1, -1, -1, -1, -1, -1, -1, 1, -1, -1, -1, -1, -1, -1, -1, 0, -1, 0, 0],
't͡ɕ': [-1, -1, 1, -1, 1, -1, -1, 1, -1, -1, -1, -1, 1, 1, -1, 1, -1, -1, -1, -1, 0, -1, 0, 0],
'd͡ʑ': [-1, -1, 1, -1, 1, -1, -1, 1, 1, -1, -1, -1, 1, 1, -1, 1, -1, -1, -1, -1, 0, -1, 0, 0],
'k': [-1, -1, 1, -1, -1, -1, -1, -1, -1, -1, -1, -1, -1, 0, -1, 1, -1, 1, -1, -1, 0, -1, 0, 0],
'b': [-1, -1, 1, -1, -1, -1, -1, -1, 1, -1, -1, 1, -1, 0, 1, -1, -1, -1, -1, -1, 0, -1, 0, 0],
'd̪': [-1, -1, 1, -1, -1, -1, -1, -1, 1, -1, -1, 1, 1, 1, -1, -1, -1, -1, -1, -1, 0, -1, 0, 0],
'd': [-1, -1, 1, -1, -1, -1, -1, -1, 1, -1, -1, 1, 1, -1, -1, -1, -1, -1, -1, -1, 0, -1, 0, 0],
'ɖ': [-1, -1, 1, -1, -1, -1, -1, -1, 1, -1, -1, -1, 1, -1, -1, -1, -1, -1, -1, -1, 0, -1, 0, 0],
'ɡ': [-1, -1, 1, -1, -1, -1, -1, -1, 1, -1, -1, -1, -1, 0, -1, 1, -1, 1, -1, -1, 0, -1, 0, 0],
'pʰ': [-1, -1, 1, -1, -1, -1, -1, -1, -1, 1, -1, 1, -1, 0, 1, -1, -1, -1, -1, -1, 0, -1, 0, 0],
't̪ʰ': [-1, -1, 1, -1, -1, -1, -1, -1, -1, 1, -1, 1, 1, 1, -1, -1, -1, -1, -1, -1, 0, -1, 0, 0],
'tʰ': [-1, -1, 1, -1, -1, -1, -1, -1, -1, 1, -1, 1, 1, -1, -1, -1, -1, -1, -1, -1, 0, -1, 0, 0],
'ʈʰ': [-1, -1, 1, -1, -1, -1, -1, -1, -1, 1, -1, -1, 1, -1, -1, -1, -1, -1, -1, -1, 0, -1, 0, 0],
'kʰ': [-1, -1, 1, -1, -1, -1, -1, -1, -1, 1, -1, -1, -1, 0, -1, 1, -1, 1, -1, -1, 0, -1, 0, 0],
'bʱ': [-1, -1, 1, -1, -1, -1, -1, -1, 1, -1, -1, 1, -1, 0, 1, -1, -1, -1, -1, -1, 0, -1, 0, 0],
'd̪ʱ': [-1, -1, 1, -1, -1, -1, -1, -1, 1, -1, -1, 1, 1, 1, -1, -1, -1, -1, -1, -1, 0, -1, 0, 0],
'dʱ': [-1, -1, 1, -1, -1, -1, -1, -1, 1, -1, -1, 1, 1, -1, -1, -1, -1, -1, -1, -1, 0, -1, 0, 0],
'ɖʱ': [-1, -1, 1, -1, -1, -1, -1, -1, 1, -1, -1, -1, 1, -1, -1, -1, -1, -1, -1, -1, 0, -1, 0, 0],
'ɡʱ': [-1, -1, 1, -1, -1, -1, -1, -1, 1, -1, -1, -1, -1, 0, -1, 1, -1, 1, -1, -1, 0, -1, 0, 0],
'm': [-1, 1, 1, -1, -1, -1, 1, -1, 1, -1, -1, 1, -1, 0, 1, -1, -1, -1, -1, -1, 0, -1, 0, 0],
'n̪': [-1, 1, 1, -1, -1, -1, 1, -1, 1, -1, -1, 1, 1, 1, -1, -1, -1, -1, -1, -1, 0, -1, 0, 0],
'n': [-1, 1, 1, -1, -1, -1, 1, -1, 1, -1, -1, 1, 1, -1, -1, -1, -1, -1, -1, -1, 0, -1, 0, 0],
'ɳ': [-1, 1, 1, -1, -1, -1, 1, -1, 1, -1, -1, -1, 1, 0, -1, -1, -1, -1, -1, -1, 0, -1, 0, 0],
'ɲ': [-1, 1, 1, -1, -1, -1, 1, -1, 1, -1, -1, -1, -1, 0, -1, 1, -1, -1, -1, -1, 0, -1, 0, 0],
'ŋ': [-1, 1, 1, -1, -1, -1, 1, -1, 1, -1, -1, -1, -1, 0, -1, 1, -1, 1, -1, -1, 0, -1, 0, 0],
's̪': [-1, -1, 1, 1, -1, -1, -1, 1, -1, -1, -1, 1, 1, 1, -1, -1, -1, -1, -1, -1, 0, -1, 0, 0],
's': [-1, -1, 1, 1, -1, -1, -1, 1, -1, -1, -1, 1, 1, -1, -1, -1, -1, -1, -1, -1, 0, -1, 0, 0],
'ʂ': [-1, -1, 1, 1, -1, -1, -1, 1, -1, -1, -1, -1, 1, -1, -1, -1, -1, -1, -1, -1, 0, -1, 0, 0],
'ɕ': [-1, -1, 1, 1, 1, -1, -1, 1, -1, -1, -1, -1, 1, 1, -1, 1, -1, -1, -1, -1, 0, -1, 0, 0],
'ɦ': [-1, 1, 1, 1, -1, -1, -1, -1, 1, -1, -1, -1, -1, 0, -1, -1, -1, 1, -1, -1, 0, -1, 0, 0],
'h': [-1, 1, 1, 1, -1, -1, -1, -1, -1, -1, -1, -1, -1, 0, -1, -1, -1, 1, -1, -1, 0, -1, 0, 0],
'ʋ': [-1, 1, -1, 1, 0, -1, -1, -1, 1, -1, -1, 1, -1, 0, 1, 0, 0, -1, -1, -1, 0, -1, 0, 0],
'ɾ': [-1, 1, 1, 1, 0, -1, -1, -1, 1, -1, -1, 1, 1, -1, -1, 0, 0, -1, -1, -1, 0, -1, 0, 0],
'l̪': [-1, 1, 1, 1, -1, 1, -1, -1, 1, -1, -1, 1, 1, 1, -1, -1, -1, -1, -1, -1, 0, -1, 0, 0],
'l': [-1, 1, 1, 1, -1, 1, -1, -1, 1, -1, -1, 1, 1, -1, -1, -1, -1, -1, -1, -1, 0, -1, 0, 0],
'j': [-1, 1, -1, 1, -1, -1, -1, -1, 1, -1, -1, -1, -1, 0, -1, 1, -1, -1, -1, -1, 0, -1, 0, 0],
'ɐ': [1, 1, -1, 1, -1, -1, -1, -1, 1, -1, -1, 0, -1, 0, -1, -1, -1, -1, -1, -1, 1, -1, 0, 0],
'ɑː': [1, 1, -1, 1, 0, -1, -1, -1, 1, -1, -1, 0, -1, 0, -1, -1, 1, 1, -1, -1, 1, 1, 0, 0],
'i': [1, 1, -1, 1, -1, -1, -1, -1, 1, -1, -1, 0, -1, 0, -1, 1, -1, -1, -1, -1, 1, -1, 0, 0],
'iː': [1, 1, -1, 1, -1, -1, -1, -1, 1, -1, -1, 0, -1, 0, -1, 1, -1, -1, -1, -1, 1, 1, 0, 0],
'u': [1, 1, -1, 1, -1, -1, -1, -1, 1, -1, -1, 0, -1, 0, 1, 1, -1, 1, 1, -1, 1, -1, 0, 0],
'uː': [1, 1, -1, 1, -1, -1, -1, -1, 1, -1, -1, 0, -1, 0, 1, 1, -1, 1, 1, -1, 1, 1, 0, 0],
'eː': [1, 1, -1, 1, -1, -1, -1, -1, 1, -1, -1, 0, -1, 0, -1, -1, -1, -1, -1, -1, 1, 1, 0, 0],
'oː': [1, 1, -1, 1, -1, -1, -1, -1, 1, -1, -1, 0, -1, 0, -1, -1, -1, 1, 1, -1, 1, 1, 0, 0],
'r̩': [1, 1, 1, 1, 0, -1, -1, -1, 1, -1, -1, 1, 1, -1, -1, 0, 0, -1, -1, -1, 0, -1, 0, 0],
Loaded model from epoch 29
Checkpoint PER: 0.02415115131201359
d_model=256, num_layers=4
Src vocab: 68, Tgt vocab: 67
Evaluating on 1882 examples...
Evaluating: 100%|███████████████████████████████████████████████████████████████████| 1882/1882 [02:52<00:00, 10.91it/s]

============================================================
EVALUATION RESULTS — nep_test.tsv
============================================================
Examples evaluated: 1882
Exact match accuracy:    0.0011 (2/1882)

Edit Distance Metrics
  PER (Levenshtein): 0.6862
  Weighted PER: 0.5835
  Mean Hamming dist: 10.5510
  (Hamming valid pairs:  79/1882)

Length Statistics
  Mean ref length: 9.3
  Mean pred length: 14.0

Top 15 Substitution Errors
      PRED -> REF       COUNT
         ɾ -> r         199
         . -> i         192
         ʃ -> s         173
         . -> ̯         135
         ɪ -> i         121
         . -> u         118
         ʊ -> u         116
         ː -> ̯         113
         ʒ -> z         100
           -> u         85
         . -> r         81
         ː ->           64
           -> i         55
         ͡ ->           42
         . -> ː         37

Top 10 Insertion Errors (hallucinated phonemes)
              2209
  ː           2066
  .           1517
  ɑ           969
  ə           893
  ɪ           221
  ʊ           178
  ɾ           156
  ɦ           98
  ʋ           81

Top 10 Deletion Errors (dropped phonemes)
              90
  t           20
  s           16
  ʰ           5
  ͡           5
  ̪           5
  ɽ           4
  ̃           2
  i           2
  r           2

Worst 10 Examples by Levenshtein Distance
  SRC                  PRED                      REF                       LEV
  अन्तर्राष्ट्रिय      ə n . t̪ ə ɾ . ɾ ɑː ʂ . ʈ ɾ ɪ . jᵊ  n̪ t̪  rː  s t r i e     20
  पुरातत्त्वशास्त्र    p ʊ . ɾ ɑː . t̪ ə t̪ . t̪ ʋ ɑː s . ɾ ə t̪ p u ɾ  t̪  t̪ t̪ o s  s t̪ r  19
  अन्तरराष्ट्रिय       ə n . t̪ ə ɾ . ɾ ɑː ʂ . ʈ ɾ ɪ . jᵊ  n̪ t̪  ɾ  r  s t r i e   18
  अन्तराष्ट्रिय        ə n . t̪ ə . ɾ ɑː ʂ . ʈ ɾ ɪ . jᵊ  n̪ t̪  ɾ  s t r i e      18
  तपाईंलाई             t̪ ə . p ɑː . iː m . l ɑː . iː t̪  p ̃ ĩ̯ l  i̯          18
  बनाउनुहोला           b ə . n ɑː ɾ . n ʊ . ɦ oː . l ɑː b  n  u̯ n u o l          18
  हवाईजहाज             ɦ ə . ʋ ɑː . iː d͡ʒ . ɦ ɑː d͡ʒ ɦ    i̯ d z ː d z         17
  आवश्यकता             ɑː . ʋ ə ʃ . j ə k . t̪ ɑː  b  s e k t̪              16
  आवश्यकता             ɑː . ʋ ə ʃ . j ə k . t̪ ɑː  u̯  s e k t̪             16
  चाहिएमा              t͡ʃ ɑː . ɦ ɪ . eː . ɡ ɑː  t͡s  i̯ e m               16
============================================================
Results saved to eval_results_nep.json
